Doc #0: 6.890802848350026e-11 6.616790485092976e-07 0.0005022383526329259 7.118604736022165e-18 6.318271249875646e-11 4.2905936118983175e-08 3.3262769966016406e-22 1.8438968408544203e-22 0.9994970569302918 1.336174203760852e-22
Doc #1: 6.172222803373722e-13 1.690400940408412e-14 1.807246153990293e-90 0.9999999999993658 2.4203847910384888e-17 5.61914993216718e-22 4.6030247601761025e-78 7.623881428823971e-48 5.007721726143069e-75 3.7194479261478355e-51
Doc #2: 0.9999300571409326 3.0482031044953925e-24 2.118202922211721e-21 9.681615328176444e-18 5.477139468949576e-23 7.165070782216541e-20 8.106832248701339e-32 2.6795502831894226e-22 2.7155696734475405e-26 6.994285906739005e-05
Doc #3: 2.3745357750552882e-39 0.9983256746618326 1.147152022190482e-16 1.6104829981073697e-14 0.0009599385482848142 0.0003958073390147772 1.2538133588399033e-53 9.450570695521194e-58 0.0003185794508506987 1.2434459366773592e-63
Doc #4: 4.2808288378842166e-39 2.1758760736738584e-19 8.358421821637266e-24 1.208163753251445e-24 2.7045988283529586e-13 2.9900134189540658e-30 0.9999999999997295 1.7903012099397937e-18 6.412325216587348e-23 2.3146207863746886e-23
Doc #5: 7.189627228765322e-15 1.0513741389928818e-12 4.854367179252446e-17 1.897544022635701e-18 4.495521481769254e-32 5.39811750201071e-13 1.7117777990031555e-06 0.9999982882193769 1.0809772509195594e-13 1.1174806251339091e-12
Doc #6: 3.3240664487079614e-31 8.688382438202953e-109 6.634484538014233e-28 7.121284153222936e-16 0.154746293362617 3.630446719083563e-15 2.6902236746985876e-27 0.014560544679427762 3.219786012079996e-54 0.8306931619579516
Doc #7: 2.7508343324112783e-14 2.3641960160627345e-17 1.5599437222929448e-20 0.9999999999752552 1.7595041825271547e-16 7.541962754364086e-25 6.015493530341783e-29 1.0187387983489384e-13 2.4615157480939314e-11 5.345395614119005e-20
Doc #8: 2.1568859743596804e-10 0.9999999995321772 1.7896294440032817e-21 1.466672586930926e-18 3.169076483299442e-20 4.757971746255553e-16 9.763495349321143e-11 4.645136646467827e-15 1.432582416383615e-10 1.1235920552543075e-11
Doc #9: 8.582793278770244e-21 0.1232760010399536 2.3276505105956757e-13 2.059479207912443e-69 1.0173626358083304e-10 0.47493191527885326 2.702832867560021e-40 7.049350992567948e-49 0.4017920835792243 9.57376038564318e-59
Doc #10: 5.7899988348296104e-05 1.5904568613413709e-18 4.4090429262086363e-23 2.8794299596663834e-11 8.86894257526586e-21 0.9999420999820681 7.996803627121808e-21 7.787903671867463e-13 1.0732215447768698e-14 5.119851935654825e-21
Doc #11: 5.726724050661745e-19 1.0527995291197254e-10 3.939310922801383e-06 0.5191561218189189 1.1634664458610968e-16 1.3322549069299228e-22 9.403085964260879e-11 8.305723908872592e-18 4.458074109965234e-19 0.48083993867084734
Doc #12: 1.042330867777671e-10 5.813083307992087e-06 2.3092608419184854e-16 7.067392716017356e-17 5.985431992958901e-08 0.00013838951287920527 4.472084622915804e-18 6.979842124773362e-17 0.9998557374452592 7.292942485963044e-16
Doc #13: 5.656172481617733e-08 1.1019937185821942e-14 5.229616523902795e-20 2.334896826304918e-21 0.9978749023544752 1.2245478158211539e-23 2.545678786708475e-07 0.0021247865159042694 4.008351937490331e-15 2.01167621620107e-15
Doc #14: 6.262578624958037e-32 8.080287226349516e-11 0.9999999999189103 1.5919157093642725e-14 6.64315593726704e-17 1.2120507684601963e-39 2.455914956153655e-17 2.709016964824525e-13 8.847403053593424e-58 2.3572020054230912e-17
